#lambda level channel
#1 5 15
0.05 0.951216
0.1 0.948041
0.15 0.947602
0.2 0.949412
0.25 0.947693
0.3 0.947532
0.35 0.946211
0.4 0.946833
0.45 0.944597
0.5 0.904741
0.55 0.903129
0.6 0.901361
0.65 0.880157
0.7 0.834333
0.75 0.837621
0.8 0.781165
0.85 0.728435
0.9 0.712472
0.95 0.565717
1 0.567058

#1 5 10
0.05 0.920381
0.1 0.926622
0.15 0.92323
0.2 0.926101
0.25 0.923765
0.3 0.924467
0.35 0.923037
0.4 0.921924
0.45 0.917211
0.5 0.859305
0.55 0.85675
0.6 0.860939
0.65 0.823562
0.7 0.76011
0.75 0.7612
0.8 0.695768
0.85 0.620434
0.9 0.598385
0.95 0.424285
1 0.430836

#1 5 5
0.05 0.856603
0.1 0.85467
0.15 0.850985
0.2 0.855279
0.25 0.855604
0.3 0.85383
0.35 0.849878
0.4 0.850544
0.45 0.842439
0.5 0.737664
0.55 0.736273
0.6 0.733159
0.65 0.683604
0.7 0.581913
0.75 0.582465
0.8 0.491413
0.85 0.384763
0.9 0.364841
0.95 0.184726
1 0.182151

#1 3 5
0.05 0.800051
0.1 0.796761
0.15 0.792655
0.2 0.792611
0.25 0.794001
0.3 0.790569
0.35 0.789177
0.4 0.785887
0.45 0.785078
0.5 0.780083
0.55 0.778207
0.6 0.707887
0.65 0.623208
0.7 0.623944
0.75 0.607189
0.8 0.613227
0.85 0.485405
0.9 0.414853
0.95 0.409164
1 0.405708

#1 1 5
0.05 0.675154
0.1 0.685677
0.15 0.677734
0.2 0.675595
0.25 0.682373
0.3 0.675704
0.35 0.670832
0.4 0.667783
0.45 0.666468
0.5 0.660135
0.55 0.653424
0.6 0.650081
0.65 0.64121
0.7 0.635364
0.75 0.630759
0.8 0.622872
0.85 0.611062
0.9 0.603528
0.95 0.599092
1 0.590965

#1 1 1 
0.05 0.161029
0.1 0.163452
0.15 0.160419
0.2 0.157777
0.25 0.158598
0.3 0.154259
0.35 0.15425
0.4 0.14591
0.45 0.145259
0.5 0.139026
0.55 0.134773
0.6 0.128152
0.65 0.121521
0.7 0.116255
0.75 0.111512
0.8 0.102575
0.85 0.0963026
0.9 0.0904232
0.95 0.0858141
1 0.0827224

#1 3 1 
0.05 0.329811
0.1 0.32007
0.15 0.317953
0.2 0.31836
0.25 0.318495
0.3 0.316025
0.35 0.30618
0.4 0.305066
0.45 0.298267
0.5 0.292864
0.55 0.290031
0.6 0.20556
0.65 0.0959099
0.7 0.0916728
0.75 0.0901477
0.8 0.0880707
0.85 0.0392349
0.9 0.0130682
0.95 0.0132315
1 0.0117312

#1 5 1
0.05 0.459672
0.1 0.459387
0.15 0.456602
0.2 0.460446
0.25 0.450468
0.3 0.450488
0.35 0.446851
0.4 0.446707
0.45 0.428964
0.5 0.216297
0.55 0.214275
0.6 0.214634
0.65 0.166085
0.7 0.0669108
0.75 0.0679015
0.8 0.0399327
0.85 0.00954949
0.9 0.0078807
0.95 5.03221e-05
1 6.39059e-05

#1 2 1
0.05 0.245216
0.1 0.23746
0.15 0.236316
0.2 0.23755
0.25 0.232744
0.3 0.230597
0.35 0.226914
0.4 0.220772
0.45 0.219395
0.5 0.211461
0.55 0.205087
0.6 0.198594
0.65 0.192715
0.7 0.189637
0.75 0.0673911
0.8 0.0439968
0.85 0.040821
0.9 0.0370668
0.95 0.0365793
1 0.0336489

#1 2 5
0.05 0.750158
0.1 0.741585
0.15 0.745333
0.2 0.743539
0.25 0.743392
0.3 0.73979
0.35 0.733265
0.4 0.73172
0.45 0.727311
0.5 0.723566
0.55 0.722021
0.6 0.717242
0.65 0.714134
0.7 0.709419
0.75 0.559568
0.8 0.526276
0.85 0.513924
0.9 0.517518
0.95 0.503547
1 0.503676

#1 7 1
0.05 0.558455
0.1 0.553807
0.15 0.556963
0.2 0.557349
0.25 0.548552
0.3 0.548454
0.35 0.54481
0.4 0.45
0.45 0.326954
0.5 0.324877
0.55 0.270635
0.6 0.14761
0.65 0.146997
0.7 0.047868
0.75 0.0382919
0.8 0.00798726
0.85 0.00204579
0.9 4.04465e-05
0.95 0
1 0

#1 9 1
0.05 0.624499
0.1 0.627365
0.15 0.628138
0.2 0.618539
0.25 0.620724
0.3 0.618397
0.35 0.548339
0.4 0.41764
0.45 0.41406
0.5 0.307822
0.55 0.228374
0.6 0.164945
0.65 0.0808448
0.7 0.0374759
0.75 0.0112342
0.8 0.000410071
0.85 0.000130659
0.9 0
0.95 0
1 0

#1 11 1
0.05 0.684244
0.1 0.682181
0.15 0.675361
0.2 0.674518
0.25 0.677163
0.3 0.67268
0.35 0.491486
0.4 0.488292
0.45 0.397787
0.5 0.299032
0.55 0.208911
0.6 0.135368
0.65 0.0377835
0.7 0.0166703
0.75 0.00127073
0.8 0
0.85 0
0.9 0
0.95 0
1 0

#1 13 1
0.05 0.719411
0.1 0.719375
0.15 0.715501
0.2 0.711955
0.25 0.714354
0.3 0.630391
0.35 0.544706
0.4 0.514931
0.45 0.367555
0.5 0.300394
0.55 0.192541
0.6 0.0723338
0.65 0.0274349
0.7 0.0039507
0.75 0
0.8 0
0.85 0
0.9 0
0.95 0
1 0

#1 15 1
0.05 0.749715
0.1 0.748449
0.15 0.748953
0.2 0.744701
0.25 0.744291
0.3 0.615026
0.35 0.592713
0.4 0.472853
0.45 0.415668
0.5 0.2472
0.55 0.146444
0.6 0.0559277
0.65 0.00973316
0.7 0.000275971
0.75 0
0.8 0
0.85 0
0.9 0
0.95 0
1 0

#1 17 1
0.05 0.768096
0.1 0.768928
0.15 0.769206
0.2 0.765225
0.25 0.748172
0.3 0.632849
0.35 0.607867
0.4 0.473081
0.45 0.370786
0.5 0.249949
0.55 0.114761
0.6 0.0223152
0.65 0.000661617
0.7 0
0.75 0
0.8 0
0.85 0
0.9 0
0.95 0
1 0

#1 19 1
0.05 0.79525
0.1 0.795653
0.15 0.795488
0.2 0.78815
0.25 0.738864
0.3 0.662448
0.35 0.585036
0.4 0.502906
0.45 0.346455
0.5 0.19981
0.55 0.074035
0.6 0.01137
0.65 0.000241834
0.7 0
0.75 0
0.8 0
0.85 0
0.9 0
0.95 0
1 0

#1 20 1
0.05 0.796943
0.1 0.803681
0.15 0.803405
0.2 0.805467
0.25 0.733516
0.3 0.675932
0.35 0.579378
0.4 0.488338
0.45 0.359801
0.5 0.188903
0.55 0.0464353
0.6 0.00270047
0.65 1.7481e-05
0.7 0
0.75 0
0.8 0
0.85 0
0.9 0
0.95 0
1 0





