＃1 10 1
0.05 0.662949
0.1 0.65467
0.15 0.653865
0.2 0.58315
0.25 0.462537
0.3 0.333466
0.35 0.236221
0.4 0.117221
0.45 0.0366822
0.5 0.0133973
0.55 0.00219574
0.6 1.5749e-05
0.65 0
0.7 0
0.75 0
0.8 0
0.85 0
0.9 0
0.95 0
1 0

#1 9 1
0.05 0.635173
0.1 0.62353
0.15 0.62492
0.2 0.602952
0.25 0.42573
0.3 0.361889
0.35 0.238111
0.4 0.120318
0.45 0.0693717
0.5 0.0176579
0.55 0.00439295
0.6 0.00101642
0.65 0
0.7 0
0.75 0
0.8 0
0.85 0
0.9 0
0.95 0
1 0

#1 8 1
0.05 0.593679
0.1 0.595748
0.15 0.589667
0.2 0.589454
0.25 0.412259
0.3 0.380858
0.35 0.209926
0.4 0.167875
0.45 0.0641498
0.5 0.0357892
0.55 0.00923108
0.6 0.00261797
0.65 0.00038223
0.7 0.000176737
0.75 0
0.8 0
0.85 0
0.9 0
0.95 0
1 0

#1 7 1
0.05 0.557267
0.1 0.555665
0.15 0.557376
0.2 0.557782
0.25 0.43386
0.3 0.335812
0.35 0.25557
0.4 0.154395
0.45 0.096656
0.5 0.0403851
0.55 0.0228636
0.6 0.00424752
0.65 0.00367705
0.7 3.93028e-05
0.75 9.19435e-05
0.8 5.4003e-05
0.85 0
0.9 0
0.95 0
1 0

#1 6 1
0.05 0.510747
0.1 0.516308
0.15 0.513004
0.2 0.514543
0.25 0.46239
0.3 0.289357
0.35 0.28547
0.4 0.149246
0.45 0.11277
0.5 0.0623816
0.55 0.0236887
0.6 0.021868
0.65 0.00168024
0.7 0.00138713
0.75 0.00175683
0.8 0.000511633
0.85 3.27407e-05
0.9 4.00449e-05
0.95 0
1 6.41108e-05

#1 4 1
0.05 0.395142
0.1 0.403161
0.15 0.399191
0.2 0.395974
0.25 0.398451
0.3 0.391544
0.35 0.188442
0.4 0.169743
0.45 0.1672
0.5 0.0974107
0.55 0.0420217
0.6 0.0403147
0.65 0.0390176
0.7 0.01912
0.75 0.00345604
0.8 0.00386736
0.85 0.00309205
0.9 0.00390971
0.95 0.00366282
1 0.00339569

#1 3 1
0.05 0.326515
0.1 0.320273
0.15 0.32079
0.2 0.322766
0.25 0.319648
0.3 0.315407
0.35 0.308611
0.4 0.153003
0.45 0.109921
0.5 0.106069
0.55 0.104266
0.6 0.0936564
0.65 0.0175588
0.7 0.0171929
0.75 0.0170478
0.8 0.0157104
0.85 0.0149356
0.9 0.0133934
0.95 0.0137869
1 0.0134172

#1 2 1
0.05 0.2396
0.1 0.238223
0.15 0.233795
0.2 0.236766
0.25 0.232749
0.3 0.229483
0.35 0.22625
0.4 0.221847
0.45 0.215938
0.5 0.129075
0.55 0.0581959
0.6 0.0559085
0.65 0.0527439
0.7 0.0492045
0.75 0.0471547
0.8 0.0463369
0.85 0.0421487
0.9 0.0418205
0.95 0.0375456
1 0.0344471

